# Ultrasonic Sensor Measurement
## *-C code (WiringPi) including Threading(pThread), Set Priority(-20), Set Affinity to Core 2*
## *-Black Reflective Plastic Material Used*
## *-No. of Observations = 20*

Obs. No. | 2cm | 30cm | 60cm | 90cm | 120cm | 150
----| ----| ----| ----| ----| ----| ----
1 | 3.276  | 26.621  | 57.724  | 87.655  | 117.655  | 147.155 
2 | 3.362  | 28.845  | 57.638  | 87.638  | 107.121  | 146.845 
3 | 3.379  | 28.862  | 58.103  | 87.621  | 117.259  | 147.259 
4 | 3.362  | 28.845  | 57.621  | 87.621  | 107.121  | 146.845 
5 | 3.379  | 28.845  | 57.638  | 87.603  | 106.207  | 147.259 
6 | 3.379  | 28.845  | 57.621  | 87.603  | 117.224  | 146.845 
7 | 3.362  | 28.845  | 57.638  | 87.603  | 117.207  | 147.293 
8 | 3.345  | 28.845  | 58.052  | 87.621  | 117.207  | 147.293 
9 | 3.362  | 28.845  | 58.017  | 88.017  | 106.224  | 147.259 
10 | 3.379  | 28.845  | 58.086  | 87.638  | 117.638  | 147.224 
11 | 3.345  | 28.845  | 58.103  | 88.052  | 117.207  | 147.241 
12 | 3.362  | 28.845  | 58.086  | 88.069  | 117.224  | 146.862 
13 | 3.345  | 28.828  | 57.621  | 87.655  | 117.241  | 146.879 
14 | 3.379  | 28.845  | 58.052  | 87.621  | 106.241  | 147.293 
15 | 3.345  | 28.828  | 57.638  | 88.052  | 118.069  | 146.845 
16 | 3.362  | 28.845  | 57.621  | 87.621  | 117.638  | 147.276 
17 | 3.345  | 28.845  | 57.621  | 88.052  | 117.276  | 146.879 
18 | 3.328  | 28.828  | 58.052  | 87.638  | 117.190  | 147.310 
19 | 3.362  | 28.845  | 58.034  | 87.603  | 117.259  | 150.276 
20 | 3.362  | 28.845  | 58.086  | 88.034  | 107.121  | 146.862 


