# Ultrasonic Sensor Measurement
## *-C code (WiringPi) including Threading(pThread), Set Priority(-20), Set Affinity to Core 2*
## *-White/Light Cardboard Material Used*
## *-No. of Observations = 20*

Obs. No. | 2cm | 30cm | 60cm | 90cm | 120cm | 150
----| ----| ----| ----| ----| ----| ----
1 | 3.121  | 29.500  | 58.552  | 88.000  | 117.431  | 120.983 
2 | 3.172  | 30.000  | 58.638  | 88.086  | 117.414  | 146.862 
3 | 3.172  | 29.586  | 58.638  | 88.086  | 117.466  | 146.897 
4 | 3.190  | 29.569  | 58.638  | 88.069  | 107.586  | 146.879 
5 | 3.172  | 30.000  | 58.638  | 88.086  | 107.603  | 147.293 
6 | 3.190  | 29.569  | 58.638  | 88.086  | 117.448  | 146.914 
7 | 3.190  | 29.569  | 58.638  | 86.845  | 117.466  | 146.879 
8 | 3.190  | 22.966  | 58.638  | 51.655  | 117.414  | 146.879 
9 | 3.172  | 29.569  | 58.655  | 88.103  | 117.414  | 146.897 
10 | 3.207  | 29.569  | 58.655  | 88.069  | 101.155  | 146.828 
11 | 3.190  | 29.569  | 58.224  | 88.086  | 117.431  | 146.914 
12 | 2.138  | 29.517  | 58.224  | 88.500  | 117.431  | 146.879 
13 | 3.190  | 29.569  | 58.638  | 88.069  | 117.414  | 146.879 
14 | 3.172  | 29.569  | 58.638  | 88.103  | 117.448  | 146.862 
15 | 3.172  | 29.569  | 58.224  | 88.086  | 117.466  | 146.897 
16 | 3.172  | 29.534  | 58.655  | 88.086  | 117.431  | 146.897 
17 | 3.190  | 29.552  | 52.931  | 88.052  | 117.431  | 146.897 
18 | 3.172  | 29.569  | 58.638  | 88.069  | 117.448  | 147.310 
19 | 3.172  | 29.534  | 58.655  | 88.086  | 117.448  | 146.862 
20 | 3.190  | 29.569  | 58.655  | 88.086  | 117.448  | 146.862 



